.Random.seed <-
c(403L, 10L, 308174209L, -1028239085L, -1079103806L, 1160399220L, 
-877055625L, -1451105683L, 616459524L, 160991274L, 1873462677L, 
-1965905361L, -843811018L, 685533024L, 498707875L, -1983232319L, 
1011187376L, -48170546L, 1011862841L, -1876631221L, -1886412038L, 
-833375236L, -582781889L, -1250538219L, -1593559508L, 52976386L, 
1541982173L, 115143383L, -295498306L, 428222456L, 1140761563L, 
49307193L, -1470568568L, 888682294L, 1318659441L, 1745887139L, 
-1124612366L, -1376080316L, -2113769209L, 252037341L, -1687085612L, 
-74370822L, 1495402565L, -1215459169L, -1692820954L, -1374417232L, 
-2117799085L, -766714255L, 1949967264L, -451583170L, -361231799L, 
124804859L, 1543798474L, 1212375084L, 552458287L, -274093851L, 
-644349540L, -161330190L, -1345268115L, 960078759L, -346653234L, 
167951144L, -1806233301L, -232961207L, 1827393624L, -878410490L, 
-2068557599L, 133195891L, 670762210L, -1493486508L, 926480727L, 
385112397L, -883114780L, -1423400758L, -510046923L, 1052517263L, 
-28616554L, 1773357120L, 293695747L, -1910858463L, 552930832L, 
1313791470L, -1793732199L, 2081955371L, 1161111322L, 733371868L, 
-86686753L, 106849205L, -684884660L, -1570800734L, -1290243331L, 
-985830409L, 727217438L, 1906816984L, 1252960571L, -1920672039L, 
-1464028568L, -1522871402L, -636799215L, -1023913789L, -795561774L, 
-1053018780L, 1580640423L, -1097048579L, 1023500276L, -755496742L, 
-1937356251L, 929302335L, 1707648198L, -375514800L, 781953395L, 
2028573585L, 1182819776L, -290218082L, 354206057L, 468316571L, 
-2096356182L, 1926496972L, -1462416497L, 1997746117L, -17280132L, 
-1820881966L, -41473203L, -422495737L, -2138936850L, 2135606472L, 
-920859701L, 1583324713L, 1617351800L, -883584602L, 519386049L, 
775217235L, -789149950L, 1277211188L, -125442121L, -1075243091L, 
1399702724L, 826624234L, -691351723L, 371720431L, 513820406L, 
-644115936L, 1946138595L, 130563201L, -760677648L, 1037865358L, 
-24559879L, 866725003L, 602543290L, -1076392004L, 404245759L, 
352567381L, -1991273620L, -1545745470L, -1217725411L, -236479337L, 
1108113918L, 1904810424L, 332141979L, 147127289L, -1272356024L, 
-965398922L, -1970837583L, -642663965L, 1938116274L, -1889819900L, 
-1480572857L, -719714531L, -237814380L, -82607814L, 957037957L, 
64771679L, -896319258L, -939326608L, -594975597L, -623132367L, 
1812432864L, 352873598L, -1930748151L, -1403010757L, 1340794122L, 
-1057325844L, -1786279569L, -1970041179L, 311738460L, -643327950L, 
1370353453L, -1001562649L, 722428174L, 709740264L, 2083703019L, 
1059391881L, 2125183256L, -23155642L, -1564740447L, -430449869L, 
-1462902110L, 73210260L, -539621353L, -1783058419L, -454232796L, 
391450890L, 1175324789L, 96306127L, 1794208982L, -377330560L, 
-1098589501L, 1467130977L, 1709524176L, -992840146L, 472819673L, 
-1810626581L, 506134106L, 164976668L, -1367227105L, -2046319243L, 
-82693108L, 445683170L, 746628797L, 1990746423L, 1658201566L, 
1348926232L, 1060893307L, 1074315289L, -213092184L, -1333511594L, 
1788323537L, -404347261L, -364806894L, -1826391556L, -1579116622L, 
1569891824L, 1323746756L, 806361432L, -1600270982L, -1799733840L, 
1857561532L, -539725740L, -1137602622L, 1979949088L, 461942972L, 
-982377904L, -1635989534L, -409272728L, -555110836L, -597044996L, 
-966682638L, 99050752L, -1356700812L, 1678319624L, -714092102L, 
1714085328L, 1901269996L, -88405100L, 1173363666L, 1287350112L, 
47448396L, -1451085536L, 2033184642L, 1320322792L, 200284396L, 
-2075658692L, 22983538L, 1516729968L, -924834780L, 1118662456L, 
1896691866L, 1406840528L, -1861841732L, -864163180L, -1800904062L, 
114979008L, -1431198404L, 354433168L, -1309190622L, -2040925688L, 
-1082983156L, 893682332L, 1371780626L, -54355584L, 1409767956L, 
-1440080344L, -1297481414L, 1442769872L, -387330452L, 670655284L, 
319185554L, 558671200L, 394157388L, 373568480L, -1618030686L, 
-1271971928L, -1156995188L, 2052278972L, 384222066L, -31110928L, 
-180923324L, -173410984L, 1937182778L, 738710384L, -1578859460L, 
1354885908L, 251131330L, 1001024736L, 1859526524L, -1604770096L, 
-66340190L, -407047128L, 464576780L, 244145084L, 660630834L, 
-1940330560L, 1548101172L, 505148360L, 4140218L, 1440407440L, 
-747609620L, 189580372L, -1404642670L, -2094732512L, 1592510924L, 
-753015840L, -776393022L, 1129424424L, -354763092L, 176090812L, 
-1547529742L, 1351692592L, -1385023324L, -103949640L, -229939366L, 
-722297456L, -502141572L, 1678944532L, 151311682L, -1938427136L, 
-1931361348L, -671132848L, 2037042466L, -1623443128L, -1014322164L, 
-1645558692L, 1442243794L, 1648710656L, 1362532180L, 578779624L, 
191734778L, 1296327376L, -840594132L, 1221059828L, -2059566190L, 
1511584864L, 182855948L, 1631920864L, 1744137570L, -1226520920L, 
-719610292L, -1933171844L, 1215434546L, 967354992L, 892019012L, 
968660952L, -1732651910L, -753874384L, 1834596028L, 901412692L, 
626583106L, -731613280L, -411392836L, -364011056L, 823529826L, 
1837240296L, 1897403340L, 297412348L, 1838867442L, -627184512L, 
-95352588L, -1980759928L, 1352966458L, 2016250704L, -1824685972L, 
2101361812L, -210156206L, -552817952L, 2047028428L, -1122823008L, 
1432515970L, 792102120L, -1244191508L, 1315543100L, -1418294158L, 
-700269456L, -181710300L, 117917240L, -1692278246L, 1027951824L, 
-628953540L, -1826834284L, 945046658L, 1951572928L, -512333508L, 
372649616L, -2043259870L, -1159045112L, 574899340L, 450935836L, 
-316841838L, -791126912L, -122541036L, 1114789672L, -994820038L, 
-1570637616L, -773689236L, -578779468L, -254587886L, -1988820000L, 
731747276L, -1200522784L, 987351074L, -2059088600L, -1021906676L, 
1804218940L, -1190115086L, 861293808L, 1656176452L, 848763992L, 
-715379142L, 1287010544L, 2066097852L, -1228185068L, 1292883138L, 
-273573280L, -1733684868L, 1189883088L, 1930375202L, -1850223448L, 
-2119282292L, -550051396L, -1497134030L, -1280553152L, 71740084L, 
1660595528L, -1370720582L, 273914640L, 8276204L, -1173967788L, 
1482556178L, -1145836128L, 252557260L, -1902900384L, 376523970L, 
1376985640L, -1893122644L, -1116863684L, -307089550L, 553123632L, 
-104837764L, 1861463533L, 956582551L, -1316846240L, 234766654L, 
858425867L, -2042524019L, -1722469446L, -2009978376L, 177649057L, 
1381600083L, -1721982348L, -1552784382L, 1951737495L, -740003743L, 
58076326L, -1866679132L, 380181845L, 1236801023L, 67353752L, 
1359874486L, 1912500803L, 177805189L, -1613761502L, -1677977840L, 
-1039129927L, 341022571L, -316705188L, -96584822L, -2064747649L, 
1456086729L, -1030432930L, -1399854068L, -1281922083L, 519679719L, 
1294110480L, 1870904878L, -2009856805L, 1269467581L, 1664296746L, 
-639172664L, 1325470961L, 529869411L, 359779940L, 145036690L, 
990888551L, -1952818639L, 2064373622L, 1178352788L, -543845723L, 
-462667857L, -982147992L, -762261434L, 321017331L, 2065473877L, 
1650594610L, 1572251392L, -922479639L, 1549422171L, -823021396L, 
2133153466L, 2096874607L, -2140274183L, 1153111182L, 1129815388L, 
-262582835L, -1402138313L, 108665792L, -1832299362L, -132040341L, 
823943405L, 302446938L, 150159896L, -875708543L, 1568886067L, 
-1331403948L, -1494280862L, 1899652599L, -1416745407L, -159290682L, 
2053422084L, -1717421131L, -1646422881L, -950624008L, 1076771030L, 
-290082461L, 693583141L, 514747074L, 1480427440L, 591895513L, 
-1679059637L, -501361732L, -1789592598L, 511400991L, 1298684585L, 
554749502L, 544965420L, 548613501L, 877544391L, 650515120L, -1771958066L, 
213961211L, -472483L, 781444490L, 1737211304L, -1403829487L, 
-1614384637L, 1889993988L, -977223374L, -1982115961L, -1671160367L, 
1451757398L, -411161292L, -1367382971L, 1131056271L, -1847555576L, 
299591206L, -1648492845L, 797372469L, 516390802L, 1129348960L, 
181873353L, 2110152187L, -160749108L, 1733951578L, -527327921L, 
-1442180071L, 1387371054L, -1930168260L, -738693715L, 1075351127L, 
-1540718688L, 1727323390L, 40533963L, -1051141683L, -1796612870L, 
67120952L, -579724063L, -2065821805L, 737002420L, -327096126L, 
-1070215977L, 557680929L, -569343770L, 1918887396L, -663805675L, 
-849069761L, 468739288L, -725496586L, -43174141L, 1285673029L, 
